 ################################ 
 #            DATOS             # 
 ################################ 
 * n =            3
 * m =            3
 * Long =    2.0000000000000000     
 * Ancho =    2.0000000000000000     
 # Dx =    1.0000000000000000E-004
 # Dy =    1.0000000000000000E-004
 # h =    20.000000000000000     
 # K =    300.00000000000000     
 # Te =    273.00000000000000     
 # Tf =    373.00000000000000     
 # deltaT =    1.0000000000000000     
 # Tfinal =    10.000000000000000     
 ################################ 

 -> iteracion ---------           1
373.00  373.00  373.00  373.00
373.00  273.04  273.02  273.02  
373.00  273.02  273.00  273.00  
373.00  273.02  273.00  273.00  

 -> iteracion ---------           2
373.00  373.00  373.00  373.00
373.00  273.09  273.04  273.04  
373.00  273.04  273.00  273.00  
373.00  273.04  273.00  273.00  

 -> iteracion ---------           3
373.00  373.00  373.00  373.00
373.00  273.13  273.07  273.07  
373.00  273.07  273.00  273.00  
373.00  273.07  273.00  273.00  

 -> iteracion ---------           4
373.00  373.00  373.00  373.00
373.00  273.18  273.09  273.09  
373.00  273.09  273.00  273.00  
373.00  273.09  273.00  273.00  

 -> iteracion ---------           5
373.00  373.00  373.00  373.00
373.00  273.22  273.11  273.11  
373.00  273.11  273.00  273.00  
373.00  273.11  273.00  273.00  

 -> iteracion ---------           6
373.00  373.00  373.00  373.00
373.00  273.27  273.13  273.13  
373.00  273.13  273.00  273.00  
373.00  273.13  273.00  273.00  

 -> iteracion ---------           7
373.00  373.00  373.00  373.00
373.00  273.31  273.16  273.16  
373.00  273.16  273.00  273.00  
373.00  273.16  273.00  273.00  

 -> iteracion ---------           8
373.00  373.00  373.00  373.00
373.00  273.36  273.18  273.18  
373.00  273.18  273.00  273.00  
373.00  273.18  273.00  273.00  

 -> iteracion ---------           9
373.00  373.00  373.00  373.00
373.00  273.40  273.20  273.20  
373.00  273.20  273.00  273.00  
373.00  273.20  273.00  273.00  

 -> iteracion ---------          10
373.00  373.00  373.00  373.00
373.00  273.45  273.22  273.22  
373.00  273.22  273.00  273.00  
373.00  273.22  273.00  273.00  

